n = [0:400];
x = [ 1.101635 0.851044 0.690405 0.753206 0.887253 0.985491 0.972200 1.207710 1.270252 1.329553 1.373121 1.211055 1.286755 1.341141 1.331526 1.380260 1.604336 1.506771 1.562338 1.487696 1.671562 1.681432 1.638500 1.467483 1.309564 1.481912 1.433631 1.719541 1.809862 2.010550 2.159448 2.337934 2.242019 1.923013 1.639515 1.363543 1.197215 1.202398 1.073710 0.956791 1.186711 1.005088 0.862990 0.722303 0.756066 0.758292 0.848043 0.981439 1.123756 1.228895 1.332318 1.315562 1.317040 1.324939 1.431182 1.331664 1.437119 1.476149 1.402830 1.459315 1.553571 1.520200 1.513040 1.333747 1.274977 1.254864 1.221721 1.060695 1.156011 1.352754 1.394026 1.349075 1.341237 1.190425 0.904754 0.786057 0.717831 0.567104 0.776803 1.095617 1.132433 1.093886 1.057626 1.093957 1.186952 1.502304 1.432743 1.463393 1.576799 1.661792 1.543053 1.610761 1.672990 1.716910 1.774871 1.726811 1.952000 1.935405 2.134439 2.350278 2.336198 2.258221 2.229355 2.273804 2.315337 2.352227 2.376321 2.277244 2.245430 2.238288 2.180230 2.215508 2.292202 2.381753 2.391528 2.414354 2.369385 2.305847 2.287090 2.381905 2.314710 2.295246 2.212793 1.989435 1.742340 1.719218 1.902805 2.007525 2.102799 2.226163 2.218160 2.022663 2.040951 1.800298 1.822887 1.476559 1.422767 1.230290 0.909563 0.780097 0.726754 0.707019 0.742215 0.692204 0.654069 0.463551 0.303727 0.361362 0.162737 0.513444 0.596124 0.527707 0.604383 0.739682 0.786460 0.440116 0.439728 0.371885 0.388829 0.435388 0.520315 0.682301 0.614569 0.522290 0.447202 0.306881 0.223326 0.049432 0.082896 0.039944 -0.183080 -0.236587 -0.275821 -0.346009 -0.550864 -0.958114 -0.920837 -0.805569 -0.924913 -0.852243 -1.002687 -1.028828 -1.187938 -1.131181 -1.098786 -1.178011 -1.105844 -1.131040 -1.270562 -1.337454 -1.218390 -1.112195 -1.040399 -1.034208 -0.937255 -0.766536 -0.731195 -0.670578 -0.612924 -0.853817 -0.831075 -0.585490 -0.818107 -1.034365 -1.067484 -1.211882 -1.294887 -1.303257 -1.559317 -1.699945 -1.898870 -1.831385 -1.891053 -1.961889 -1.798234 -1.647385 -1.452892 -1.210838 -1.330588 -1.369808 -1.391705 -1.413040 -1.168160 -1.116743 -1.167007 -1.056467 -1.150098 -1.308948 -1.344306 -1.418389 -1.403185 -1.437863 -1.404041 -1.563611 -1.505759 -1.601518 -1.725872 -1.830699 -1.863891 -1.974328 -1.830346 -1.724022 -1.824176 -1.725427 -1.666705 -1.720867 -1.650903 -1.475030 -1.548696 -1.667901 -1.584077 -1.567674 -1.549145 -1.407743 -1.270715 -1.168706 -1.003128 -1.042969 -1.216521 -1.123397 -1.035277 -0.998779 -1.019920 -0.915976 -0.904001 -0.842258 -0.808445 -0.982815 -1.204144 -1.364525 -1.570013 -1.495855 -1.554750 -1.390918 -1.330866 -0.853052 -0.617713 -0.659296 -0.523440 -0.441524 -0.301787 -0.278279 -0.486576 -0.382292 -0.494106 -0.449811 -0.714277 -0.845682 -0.939972 -1.006667 -1.085472 -1.391341 -1.531549 -1.727556 -1.705496 -1.856560 -2.004569 -1.984493 -1.867118 -1.868290 -1.832185 -1.643226 -1.637946 -1.489193 -1.664064 -1.740043 -1.508336 -1.246107 -1.415388 -1.378353 -1.236198 -1.211165 -1.216765 -1.341344 -1.439032 -1.471258 -1.231673 -1.375708 -1.221211 -1.134916 -1.071802 -0.984587 -0.999835 -1.242435 -1.445766 -1.384543 -1.358165 -1.347594 -1.246912 -1.160373 -1.403621 -1.411505 -1.370220 -1.365311 -1.247491 -1.314727 -1.473798 -1.674652 -1.690078 -1.539623 -1.626753 -1.854597 -1.815519 -1.928647 -2.034514 -1.869121 -1.820579 -1.915250 -1.963048 -1.940569 -2.072201 -1.882271 -1.719429 -1.690726 -1.427232 -1.329650 -1.186847 -0.960065 -0.922464 -0.883197 -0.748503 -0.830570 -0.736362 -0.634408 -0.606408 -0.481992 -0.606993 -0.569065 -0.502718 -0.517004 -0.738969 -0.647272 -0.475201 -0.192710 -0.208478 -0.035921 0.062721 0.335132 0.378122 0.701856 0.864950 0.899100 0.791263 0.991302 1.095987 1.117847 1.114965 1.273969 1.129854 1.139709 1.129695 1.104784 0.829393 0.644167 0.571548 0.731053 0.794781 0.891339 0.976890 1.050308 1.028498 ];
Xre = [ -0.000029 141.560745 -39.572575 115.975960 42.965645 -17.921623 1.531523 -0.175470 -29.327765 -23.004547 6.641392 -19.406628 4.207867 -2.325386 10.558403 -19.549789 -4.359853 -2.945207 5.581113 -12.637319 7.704335 0.854784 -0.520028 1.644723 13.008155 -2.452997 1.842482 3.209457 2.100822 1.401146 -0.415114 -2.334521 -4.657085 1.464873 -0.344180 1.777198 2.390154 1.324726 -2.188424 8.981377 4.988265 1.974260 -1.441694 -3.650339 0.838693 3.715267 -3.350992 -1.403852 -1.857568 -1.311499 5.820863 -1.496666 0.993262 -0.061648 -0.424983 -1.001951 2.433122 0.014999 -1.970240 0.285863 3.194971 1.348309 -2.655119 -1.964123 -2.901968 2.289782 0.051099 -0.803584 -1.541777 -2.113574 0.111571 -0.409017 3.205032 1.402394 1.127081 0.521331 2.896633 1.553192 0.264179 -0.297585 1.851351 1.007234 -1.944140 -0.473693 -1.327774 0.931691 3.459157 -1.099739 -0.943710 1.539203 2.423805 0.319953 -0.715681 -0.234529 0.698678 -0.504218 0.364048 2.030727 0.461190 2.213752 0.734910 -1.197970 1.082196 -1.720559 -1.215576 0.283182 -1.503610 -0.611636 -1.172401 0.506806 0.729045 0.551523 1.765617 -1.003375 0.115047 0.528746 0.894370 1.605539 1.973753 -2.053072 0.433698 0.117088 1.734515 0.805076 -1.316002 -0.792229 -0.838919 0.723529 3.003026 -0.716829 -0.402896 0.488856 0.232899 0.231923 -1.391433 -0.989397 0.634772 1.168837 0.151549 -0.738284 0.170095 -0.485991 -0.066900 -0.697372 0.705855 -0.284208 0.703982 -0.262018 0.506393 -0.702085 1.494262 -0.932860 0.060279 -0.222223 -0.261331 1.208479 0.267503 0.500580 -0.834793 1.019345 -0.678134 0.920159 0.767649 0.434617 1.172473 -1.129165 0.554174 0.182914 -1.149198 0.484452 1.142565 -0.455031 0.048350 0.320753 -0.418680 0.780129 0.335899 0.502398 -0.221000 1.130467 1.748581 -1.141326 -0.767158 0.175746 0.160657 0.130368 -1.027181 -1.519031 1.276570 -0.470673 -0.830336 -0.525892 0.236097 -0.423742 0.630814 -0.045834 -0.992190 0.823397 0.825532 0.495245 1.655128 1.655128 0.495245 0.825532 0.823397 -0.992190 -0.045834 0.630814 -0.423742 0.236097 -0.525892 -0.830336 -0.470673 1.276570 -1.519031 -1.027181 0.130368 0.160657 0.175746 -0.767158 -1.141326 1.748581 1.130467 -0.221000 0.502398 0.335899 0.780129 -0.418680 0.320753 0.048350 -0.455031 1.142565 0.484452 -1.149198 0.182914 0.554174 -1.129165 1.172473 0.434617 0.767649 0.920159 -0.678134 1.019345 -0.834793 0.500580 0.267503 1.208479 -0.261331 -0.222223 0.060279 -0.932860 1.494262 -0.702085 0.506393 -0.262018 0.703982 -0.284208 0.705855 -0.697372 -0.066900 -0.485991 0.170095 -0.738284 0.151549 1.168837 0.634772 -0.989397 -1.391433 0.231923 0.232899 0.488856 -0.402896 -0.716829 3.003026 0.723529 -0.838919 -0.792229 -1.316002 0.805076 1.734515 0.117088 0.433698 -2.053072 1.973753 1.605539 0.894370 0.528746 0.115047 -1.003375 1.765617 0.551523 0.729045 0.506806 -1.172401 -0.611636 -1.503610 0.283182 -1.215576 -1.720559 1.082196 -1.197970 0.734910 2.213752 0.461190 2.030727 0.364048 -0.504218 0.698678 -0.234529 -0.715681 0.319953 2.423805 1.539203 -0.943710 -1.099739 3.459157 0.931691 -1.327774 -0.473693 -1.944140 1.007234 1.851351 -0.297585 0.264179 1.553192 2.896633 0.521331 1.127081 1.402394 3.205032 -0.409017 0.111571 -2.113574 -1.541777 -0.803584 0.051099 2.289782 -2.901968 -1.964123 -2.655119 1.348309 3.194971 0.285863 -1.970240 0.014999 2.433122 -1.001951 -0.424983 -0.061648 0.993262 -1.496666 5.820863 -1.311499 -1.857568 -1.403852 -3.350992 3.715267 0.838693 -3.650339 -1.441694 1.974260 4.988265 8.981377 -2.188424 1.324726 2.390154 1.777198 -0.344180 1.464873 -4.657085 -2.334521 -0.415114 1.401146 2.100822 3.209457 1.842482 -2.452997 13.008155 1.644723 -0.520028 0.854784 7.704335 -12.637319 5.581113 -2.945207 -4.359853 -19.549789 10.558403 -2.325386 4.207867 -19.406628 6.641392 -23.004547 -29.327765 -0.175470 1.531523 -17.921623 42.965645 115.975960 -39.572575 141.560745 ];
